T p Ionization brems pair photonuc Radloss dE/dx CSDARange delta beta dE/dx_R
1.000E+00 1.457E+01 2.404E+00 0.000E+00 0.000E+00 4.526E-05 4.526E-05 4.808E+00 2.831E-03 0.0000 0.13661 3.355E+01
1.200E+00 1.597E+01 2.920E+01 0.000E+00 0.000E+00 4.534E-05 4.534E-05 2.920E+01 9.238E-03 0.0000 0.14944 2.920E+01
1.400E+00 1.726E+01 2.595E+01 0.000E+00 0.000E+00 4.542E-05 4.542E-05 2.595E+01 1.652E-02 0.0000 0.16119 2.595E+01
1.700E+00 1.903E+01 2.234E+01 0.000E+00 0.000E+00 4.555E-05 4.555E-05 2.234E+01 2.902E-02 0.0000 0.17725 2.234E+01
2.000E+00 2.066E+01 1.970E+01 0.000E+00 0.000E+00 4.568E-05 4.568E-05 1.970E+01 4.335E-02 0.0000 0.19186 1.970E+01
2.500E+00 2.312E+01 1.655E+01 0.000E+00 0.000E+00 4.589E-05 4.589E-05 1.655E+01 7.117E-02 0.0000 0.21376 1.655E+01
3.000E+00 2.536E+01 1.435E+01 0.000E+00 0.000E+00 4.610E-05 4.610E-05 1.435E+01 1.037E-01 0.0000 0.23336 1.417E+01
3.500E+00 2.742E+01 1.272E+01 0.000E+00 0.000E+00 4.632E-05 4.632E-05 1.272E+01 1.408E-01 0.0000 0.25120 1.240E+01
4.000E+00 2.935E+01 1.146E+01 0.000E+00 0.000E+00 4.653E-05 4.653E-05 1.146E+01 1.822E-01 0.0000 0.26763 1.106E+01
4.500E+00 3.116E+01 1.046E+01 0.000E+00 0.000E+00 4.674E-05 4.674E-05 1.046E+01 2.280E-01 0.0000 0.28290 9.998E+00
5.000E+00 3.289E+01 9.635E+00 0.000E+00 0.000E+00 4.695E-05 4.695E-05 9.635E+00 2.778E-01 0.0000 0.29720 9.141E+00
5.500E+00 3.453E+01 8.949E+00 0.000E+00 0.000E+00 4.716E-05 4.716E-05 8.949E+00 3.317E-01 0.0000 0.31066 8.434E+00
6.000E+00 3.611E+01 8.368E+00 0.000E+00 0.000E+00 4.738E-05 4.738E-05 8.368E+00 3.895E-01 0.0000 0.32339 7.839E+00
7.000E+00 3.909E+01 7.435E+00 0.000E+00 0.000E+00 4.780E-05 4.780E-05 7.435E+00 5.166E-01 0.0000 0.34700 6.894E+00
8.000E+00 4.189E+01 6.719E+00 0.000E+00 0.000E+00 4.823E-05 4.823E-05 6.719E+00 6.583E-01 0.0000 0.36854 6.177E+00
9.000E+00 4.453E+01 6.150E+00 0.000E+00 0.000E+00 4.865E-05 4.865E-05 6.150E+00 8.141E-01 0.0000 0.38836 5.613E+00
1.000E+01 4.704E+01 5.687E+00 0.000E+00 0.000E+00 4.907E-05 4.907E-05 5.687E+00 9.833E-01 0.0000 0.40675 5.159E+00
1.200E+01 5.177E+01 4.979E+00 0.000E+00 0.000E+00 4.992E-05 4.992E-05 4.979E+00 1.360E+00 0.0000 0.43998 4.469E+00
1.400E+01 5.616E+01 4.461E+00 0.000E+00 0.000E+00 5.077E-05 5.077E-05 4.461E+00 1.786E+00 0.0000 0.46937 3.971E+00
1.700E+01 6.230E+01 3.901E+00 0.000E+00 0.000E+00 5.204E-05 5.204E-05 3.902E+00 2.507E+00 0.0000 0.50792 3.438E+00
2.000E+01 6.802E+01 3.502E+00 0.000E+00 0.000E+00 5.332E-05 5.332E-05 3.502E+00 3.321E+00 0.0000 0.54129 3.061E+00
2.500E+01 7.686E+01 3.042E+00 0.000E+00 0.000E+00 5.544E-05 5.544E-05 3.042E+00 4.859E+00 0.0000 0.58827 2.631E+00
3.000E+01 8.509E+01 2.731E+00 0.000E+00 0.000E+00 5.756E-05 5.756E-05 2.731E+00 6.598E+00 0.0000 0.62720 2.343E+00
3.500E+01 9.285E+01 2.508E+00 0.000E+00 0.000E+00 5.968E-05 5.968E-05 2.508E+00 8.512E+00 0.0000 0.66011 2.136E+00
4.000E+01 1.003E+02 2.340E+00 0.000E+00 0.000E+00 6.180E-05 6.180E-05 2.340E+00 1.058E+01 0.0000 0.68834 1.982E+00
4.500E+01 1.074E+02 2.210E+00 0.000E+00 0.000E+00 6.392E-05 6.392E-05 2.210E+00 1.278E+01 0.0000 0.71286 1.862E+00
5.000E+01 1.143E+02 2.107E+00 0.000E+00 0.000E+00 6.605E-05 6.605E-05 2.107E+00 1.510E+01 0.0000 0.73434 1.767E+00
5.500E+01 1.210E+02 2.023E+00 3.229E-07 0.000E+00 6.817E-05 6.849E-05 2.023E+00 1.752E+01 0.0000 0.75332 1.690E+00
6.000E+01 1.276E+02 1.954E+00 1.490E-06 0.000E+00 7.029E-05 7.178E-05 1.954E+00 2.004E+01 0.0000 0.77019 1.626E+00
7.000E+01 1.403E+02 1.848E+00 3.928E-06 0.000E+00 7.453E-05 7.846E-05 1.848E+00 2.531E+01 0.0000 0.79887 1.528E+00
8.000E+01 1.527E+02 1.771E+00 6.495E-06 0.000E+00 7.877E-05 8.527E-05 1.771E+00 3.084E+01 0.0000 0.82227 1.456E+00
9.000E+01 1.647E+02 1.713E+00 9.185E-06 0.000E+00 8.302E-05 9.220E-05 1.713E+00 3.659E+01 0.0000 0.84166 1.401E+00
1.000E+02 1.764E+02 1.669E+00 1.199E-05 0.000E+00 8.726E-05 9.925E-05 1.670E+00 4.250E+01 0.0010 0.85794 1.359E+00
1.200E+02 1.994E+02 1.608E+00 1.793E-05 0.000E+00 9.575E-05 1.137E-04 1.609E+00 5.473E+01 0.0098 0.88361 1.298E+00
1.400E+02 2.218E+02 1.570E+00 2.428E-05 0.000E+00 1.042E-04 1.285E-04 1.570E+00 6.732E+01 0.0247 0.90278 1.258E+00
1.700E+02 2.546E+02 1.536E+00 3.448E-05 0.000E+00 1.170E-04 1.514E-04 1.536E+00 8.666E+01 0.0541 0.92363 1.219E+00
2.000E+02 2.868E+02 1.518E+00 4.544E-05 0.000E+00 1.297E-04 1.751E-04 1.519E+00 1.063E+02 0.0884 0.93835 1.195E+00
2.500E+02 3.396E+02 1.508E+00 6.515E-05 0.000E+00 1.509E-04 2.161E-04 1.508E+00 1.394E+02 0.1508 0.95485 1.172E+00
3.000E+02 3.917E+02 1.509E+00 8.648E-05 0.000E+00 1.721E-04 2.586E-04 1.510E+00 1.725E+02 0.2157 0.96548 1.162E+00
3.500E+02 4.432E+02 1.516E+00 1.092E-04 0.000E+00 1.933E-04 3.025E-04 1.517E+00 2.056E+02 0.2809 0.97274 1.157E+00
4.000E+02 4.945E+02 1.526E+00 1.332E-04 0.000E+00 2.146E-04 3.477E-04 1.526E+00 2.385E+02 0.3453 0.97793 1.155E+00
4.500E+02 5.455E+02 1.536E+00 1.583E-04 0.000E+00 2.358E-04 3.941E-04 1.537E+00 2.711E+02 0.4084 0.98176 1.155E+00
5.000E+02 5.964E+02 1.547E+00 1.845E-04 0.000E+00 2.570E-04 4.414E-04 1.548E+00 3.035E+02 0.4698 0.98467 1.156E+00
5.500E+02 6.471E+02 1.558E+00 2.115E-04 0.000E+00 2.782E-04 4.897E-04 1.559E+00 3.357E+02 0.5296 0.98693 1.158E+00
6.000E+02 6.977E+02 1.569E+00 2.395E-04 0.000E+00 2.994E-04 5.389E-04 1.570E+00 3.677E+02 0.5876 0.98873 1.160E+00
7.000E+02 7.987E+02 1.590E+00 2.978E-04 0.000E+00 3.418E-04 6.396E-04 1.591E+00 4.310E+02 0.6986 0.99136 1.165E+00
8.000E+02 8.995E+02 1.610E+00 3.589E-04 0.000E+00 3.843E-04 7.432E-04 1.610E+00 4.934E+02 0.8032 0.99317 1.170E+00
9.000E+02 1.000E+03 1.627E+00 4.225E-04 0.000E+00 4.267E-04 8.492E-04 1.628E+00 5.552E+02 0.9021 0.99447 1.174E+00
1.000E+03 1.101E+03 1.644E+00 4.884E-04 1.833E-05 4.691E-04 9.759E-04 1.645E+00 6.163E+02 0.9957 0.99542 1.179E+00
1.200E+03 1.301E+03 1.673E+00 6.263E-04 1.159E-04 5.540E-04 1.296E-03 1.675E+00 7.368E+02 1.1691 0.99672 1.187E+00
1.400E+03 1.502E+03 1.699E+00 7.712E-04 2.268E-04 6.389E-04 1.637E-03 1.700E+00 8.552E+02 1.3269 0.99753 1.194E+00
1.700E+03 1.803E+03 1.731E+00 9.996E-04 4.144E-04 7.661E-04 2.180E-03 1.733E+00 1.030E+03 1.5399 0.99829 1.202E+00
2.000E+03 2.103E+03 1.758E+00 1.239E-03 6.238E-04 8.967E-04 2.760E-03 1.761E+00 1.202E+03 1.7300 0.99874 1.209E+00
2.500E+03 2.604E+03 1.795E+00 1.660E-03 1.013E-03 1.126E-03 3.800E-03 1.799E+00 1.482E+03 2.0079 0.99918 1.219E+00
3.000E+03 3.104E+03 1.825E+00 2.103E-03 1.444E-03 1.359E-03 4.906E-03 1.829E+00 1.758E+03 2.2491 0.99942 1.226E+00
3.500E+03 3.604E+03 1.849E+00 2.565E-03 1.910E-03 1.594E-03 6.068E-03 1.855E+00 2.029E+03 2.4623 0.99957 1.231E+00
4.000E+03 4.104E+03 1.870E+00 3.042E-03 2.407E-03 1.831E-03 7.279E-03 1.877E+00 2.297E+03 2.6536 0.99967 1.236E+00
4.500E+03 4.604E+03 1.888E+00 3.533E-03 2.929E-03 2.069E-03 8.532E-03 1.897E+00 2.562E+03 2.8273 0.99974 1.239E+00
5.000E+03 5.105E+03 1.904E+00 4.038E-03 3.478E-03 2.305E-03 9.821E-03 1.914E+00 2.825E+03 2.9865 0.99979 1.243E+00
5.500E+03 5.605E+03 1.919E+00 4.562E-03 4.058E-03 2.523E-03 1.114E-02 1.930E+00 3.085E+03 3.1334 0.99982 1.245E+00
6.000E+03 6.105E+03 1.932E+00 5.097E-03 4.658E-03 2.740E-03 1.249E-02 1.944E+00 3.343E+03 3.2699 0.99985 1.248E+00
7.000E+03 7.105E+03 1.954E+00 6.196E-03 5.912E-03 3.171E-03 1.528E-02 1.969E+00 3.854E+03 3.5172 0.99989 1.251E+00
8.000E+03 8.105E+03 1.973E+00 7.329E-03 7.232E-03 3.601E-03 1.816E-02 1.991E+00 4.359E+03 3.7367 0.99992 1.254E+00
9.000E+03 9.105E+03 1.989E+00 8.493E-03 8.607E-03 4.029E-03 2.113E-02 2.010E+00 4.859E+03 3.9342 0.99993 1.257E+00
1.000E+04 1.011E+04 2.003E+00 9.685E-03 1.004E-02 4.454E-03 2.417E-02 2.028E+00 5.354E+03 4.1137 0.99995 1.259E+00
1.200E+04 1.211E+04 2.027E+00 1.216E-02 1.307E-02 5.279E-03 3.050E-02 2.058E+00 6.333E+03 4.4307 0.99996 1.262E+00
1.400E+04 1.411E+04 2.047E+00 1.471E-02 1.627E-02 6.095E-03 3.707E-02 2.084E+00 7.298E+03 4.7044 0.99997 1.264E+00
1.700E+04 1.711E+04 2.071E+00 1.867E-02 2.131E-02 7.306E-03 4.729E-02 2.119E+00 8.726E+03 5.0560 0.99998 1.266E+00
2.000E+04 2.011E+04 2.091E+00 2.277E-02 2.661E-02 8.504E-03 5.788E-02 2.149E+00 1.013E+04 5.3556 0.99999 1.268E+00
2.500E+04 2.511E+04 2.116E+00 2.985E-02 3.611E-02 1.050E-02 7.646E-02 2.193E+00 1.243E+04 5.7742 0.99999 1.270E+00
3.000E+04 3.011E+04 2.137E+00 3.719E-02 4.614E-02 1.247E-02 9.580E-02 2.232E+00 1.469E+04 6.1216 0.99999 1.271E+00
3.500E+04 3.511E+04 2.153E+00 4.473E-02 5.660E-02 1.443E-02 1.158E-01 2.269E+00 1.692E+04 6.4186 1.00000 1.271E+00
4.000E+04 4.011E+04 2.167E+00 5.246E-02 6.743E-02 1.637E-02 1.363E-01 2.304E+00 1.910E+04 6.6781 1.00000 1.272E+00
4.500E+04 4.511E+04 2.179E+00 6.035E-02 7.858E-02 1.829E-02 1.572E-01 2.337E+00 2.126E+04 6.9084 1.00000 1.272E+00
5.000E+04 5.011E+04 2.190E+00 6.837E-02 9.001E-02 2.021E-02 1.786E-01 2.369E+00 2.338E+04 7.1154 1.00000 1.272E+00
5.500E+04 5.511E+04 2.200E+00 7.648E-02 1.015E-01 2.215E-02 2.001E-01 2.400E+00 2.548E+04 7.3034 1.00000 1.273E+00
6.000E+04 6.011E+04 2.208E+00 8.469E-02 1.132E-01 2.409E-02 2.219E-01 2.430E+00 2.755E+04 7.4756 1.00000 1.273E+00
7.000E+04 7.011E+04 2.223E+00 1.014E-01 1.371E-01 2.795E-02 2.664E-01 2.490E+00 3.161E+04 7.7816 1.00000 1.273E+00
8.000E+04 8.011E+04 2.236E+00 1.185E-01 1.617E-01 3.178E-02 3.119E-01 2.548E+00 3.558E+04 8.0475 1.00000 1.273E+00
9.000E+04 9.011E+04 2.248E+00 1.359E-01 1.869E-01 3.560E-02 3.583E-01 2.606E+00 3.946E+04 8.2825 1.00000 1.273E+00
1.000E+05 1.001E+05 2.258E+00 1.535E-01 2.126E-01 3.941E-02 4.055E-01 2.663E+00 4.326E+04 8.4929 1.00000 1.273E+00
1.200E+05 1.201E+05 2.275E+00 1.891E-01 2.646E-01 4.714E-02 5.009E-01 2.776E+00 5.062E+04 8.8572 1.00000 1.273E+00
1.400E+05 1.401E+05 2.289E+00 2.256E-01 3.181E-01 5.484E-02 5.985E-01 2.888E+00 5.768E+04 9.1653 1.00000 1.273E+00
1.700E+05 1.701E+05 2.307E+00 2.814E-01 4.006E-01 6.636E-02 7.483E-01 3.055E+00 6.778E+04 9.5533 1.00000 1.273E+00
2.000E+05 2.001E+05 2.322E+00 3.384E-01 4.853E-01 7.784E-02 9.016E-01 3.224E+00 7.734E+04 9.8782 1.00000 1.273E+00
2.500E+05 2.501E+05 2.343E+00 4.341E-01 6.243E-01 9.727E-02 1.156E+00 3.498E+00 9.222E+04 10.3243 1.00000 1.273E+00
3.000E+05 3.001E+05 2.360E+00 5.318E-01 7.663E-01 1.167E-01 1.415E+00 3.774E+00 1.060E+05 10.6888 1.00000 1.273E+00
3.500E+05 3.501E+05 2.374E+00 6.312E-01 9.111E-01 1.361E-01 1.678E+00 4.052E+00 1.188E+05 10.9970 1.00000 1.273E+00
4.000E+05 4.001E+05 2.386E+00 7.320E-01 1.058E+00 1.556E-01 1.946E+00 4.332E+00 1.307E+05 11.2639 1.00000 1.273E+00
4.500E+05 4.501E+05 2.397E+00 8.341E-01 1.207E+00 1.750E-01 2.216E+00 4.613E+00 1.419E+05 11.4995 1.00000 1.273E+00
5.000E+05 5.001E+05 2.407E+00 9.373E-01 1.358E+00 1.944E-01 2.489E+00 4.896E+00 1.524E+05 11.7101 1.00000 1.273E+00
5.500E+05 5.501E+05 2.416E+00 1.040E+00 1.506E+00 2.143E-01 2.759E+00 5.175E+00 1.623E+05 11.9007 1.00000 1.273E+00
6.000E+05 6.001E+05 2.424E+00 1.143E+00 1.654E+00 2.343E-01 3.031E+00 5.455E+00 1.717E+05 12.0747 1.00000 1.273E+00
7.000E+05 7.001E+05 2.438E+00 1.351E+00 1.955E+00 2.743E-01 3.580E+00 6.018E+00 1.892E+05 12.3830 1.00000 1.273E+00
8.000E+05 8.001E+05 2.451E+00 1.562E+00 2.259E+00 3.144E-01 4.135E+00 6.585E+00 2.051E+05 12.6500 1.00000 1.273E+00
9.000E+05 9.001E+05 2.462E+00 1.774E+00 2.565E+00 3.547E-01 4.694E+00 7.156E+00 2.196E+05 12.8855 1.00000 1.273E+00
1.000E+06 1.000E+06 2.472E+00 1.989E+00 2.875E+00 3.950E-01 5.258E+00 7.730E+00 2.331E+05 13.0962 1.00000 1.273E+00
1.200E+06 1.200E+06 2.489E+00 2.415E+00 3.487E+00 4.773E-01 6.380E+00 8.868E+00 2.572E+05 13.4608 1.00000 1.273E+00
1.400E+06 1.400E+06 2.503E+00 2.847E+00 4.105E+00 5.600E-01 7.511E+00 1.001E+01 2.784E+05 13.7691 1.00000 1.273E+00
1.700E+06 1.700E+06 2.522E+00 3.501E+00 5.040E+00 6.848E-01 9.226E+00 1.175E+01 3.061E+05 14.1574 1.00000 1.273E+00
2.000E+06 2.000E+06 2.538E+00 4.161E+00 5.985E+00 8.104E-01 1.096E+01 1.349E+01 3.299E+05 14.4824 1.00000 1.273E+00
2.500E+06 2.500E+06 2.559E+00 5.256E+00 7.542E+00 1.024E+00 1.382E+01 1.638E+01 3.634E+05 14.9287 1.00000 1.273E+00
3.000E+06 3.000E+06 2.577E+00 6.360E+00 9.110E+00 1.240E+00 1.671E+01 1.929E+01 3.915E+05 15.2933 1.00000 1.273E+00
3.500E+06 3.500E+06 2.592E+00 7.473E+00 1.069E+01 1.458E+00 1.962E+01 2.221E+01 4.157E+05 15.6016 1.00000 1.273E+00
4.000E+06 4.000E+06 2.606E+00 8.592E+00 1.227E+01 1.677E+00 2.254E+01 2.515E+01 4.368E+05 15.8686 1.00000 1.273E+00
4.500E+06 4.500E+06 2.617E+00 9.717E+00 1.386E+01 1.898E+00 2.548E+01 2.810E+01 4.556E+05 16.1042 1.00000 1.273E+00
5.000E+06 5.000E+06 2.628E+00 1.085E+01 1.546E+01 2.120E+00 2.843E+01 3.106E+01 4.725E+05 16.3149 1.00000 1.273E+00
5.500E+06 5.500E+06 2.637E+00 1.197E+01 1.704E+01 2.346E+00 3.136E+01 3.400E+01 4.879E+05 16.5055 1.00000 1.273E+00
6.000E+06 6.000E+06 2.646E+00 1.309E+01 1.863E+01 2.573E+00 3.429E+01 3.694E+01 5.020E+05 16.6796 1.00000 1.273E+00
7.000E+06 7.000E+06 2.662E+00 1.534E+01 2.181E+01 3.031E+00 4.018E+01 4.284E+01 5.272E+05 16.9879 1.00000 1.273E+00
8.000E+06 8.000E+06 2.676E+00 1.761E+01 2.500E+01 3.493E+00 4.609E+01 4.877E+01 5.490E+05 17.2549 1.00000 1.273E+00
9.000E+06 9.000E+06 2.688E+00 1.988E+01 2.819E+01 3.959E+00 5.203E+01 5.471E+01 5.684E+05 17.4905 1.00000 1.273E+00
1.000E+07 1.000E+07 2.698E+00 2.215E+01 3.140E+01 4.427E+00 5.798E+01 6.068E+01 5.857E+05 17.7012 1.00000 1.273E+00
1.200E+07 1.200E+07 2.717E+00 2.669E+01 3.777E+01 5.382E+00 6.984E+01 7.255E+01 6.158E+05 18.0658 1.00000 1.273E+00
1.400E+07 1.400E+07 2.734E+00 3.124E+01 4.416E+01 6.347E+00 8.174E+01 8.447E+01 6.413E+05 18.3741 1.00000 1.273E+00
1.700E+07 1.700E+07 2.754E+00 3.808E+01 5.376E+01 7.811E+00 9.965E+01 1.024E+02 6.735E+05 18.7624 1.00000 1.273E+00
2.000E+07 2.000E+07 2.771E+00 4.496E+01 6.339E+01 9.292E+00 1.176E+02 1.204E+02 7.005E+05 19.0875 1.00000 1.273E+00
2.500E+07 2.500E+07 2.795E+00 5.635E+01 7.938E+01 1.182E+01 1.476E+02 1.503E+02 7.376E+05 19.5338 1.00000 1.273E+00
3.000E+07 3.000E+07 2.815E+00 6.777E+01 9.540E+01 1.439E+01 1.776E+02 1.804E+02 7.679E+05 19.8984 1.00000 1.273E+00
3.500E+07 3.500E+07 2.832E+00 7.921E+01 1.114E+02 1.699E+01 2.076E+02 2.105E+02 7.936E+05 20.2067 1.00000 1.273E+00
4.000E+07 4.000E+07 2.847E+00 9.067E+01 1.275E+02 1.962E+01 2.378E+02 2.406E+02 8.158E+05 20.4738 1.00000 1.273E+00
4.500E+07 4.500E+07 2.860E+00 1.022E+02 1.436E+02 2.227E+01 2.680E+02 2.709E+02 8.354E+05 20.7093 1.00000 1.273E+00
5.000E+07 5.000E+07 2.871E+00 1.137E+02 1.597E+02 2.494E+01 2.983E+02 3.011E+02 8.529E+05 20.9200 1.00000 1.273E+00
5.500E+07 5.500E+07 2.882E+00 1.251E+02 1.757E+02 2.765E+01 3.285E+02 3.314E+02 8.687E+05 21.1107 1.00000 1.273E+00
6.000E+07 6.000E+07 2.892E+00 1.366E+02 1.918E+02 3.038E+01 3.587E+02 3.616E+02 8.831E+05 21.2847 1.00000 1.273E+00
7.000E+07 7.000E+07 2.909E+00 1.595E+02 2.239E+02 3.590E+01 4.193E+02 4.222E+02 9.087E+05 21.5930 1.00000 1.273E+00
8.000E+07 8.000E+07 2.924E+00 1.825E+02 2.560E+02 4.148E+01 4.800E+02 4.829E+02 9.308E+05 21.8601 1.00000 1.273E+00
9.000E+07 9.000E+07 2.938E+00 2.055E+02 2.882E+02 4.711E+01 5.408E+02 5.437E+02 9.503E+05 22.0956 1.00000 1.273E+00
1.000E+08 1.000E+08 2.950E+00 2.285E+02 3.203E+02 5.279E+01 6.016E+02 6.046E+02 9.678E+05 22.3063 1.00000 1.273E+00
1.200E+08 1.200E+08 2.971E+00 2.742E+02 3.844E+02 6.335E+01 7.220E+02 7.249E+02 9.979E+05 22.6710 1.00000 1.273E+00
1.400E+08 1.400E+08 2.989E+00 3.199E+02 4.485E+02 7.391E+01 8.423E+02 8.453E+02 1.023E+06 22.9793 1.00000 1.273E+00
1.700E+08 1.700E+08 3.012E+00 3.885E+02 5.446E+02 8.974E+01 1.023E+03 1.026E+03 1.056E+06 23.3676 1.00000 1.273E+00
2.000E+08 2.000E+08 3.031E+00 4.570E+02 6.407E+02 1.056E+02 1.203E+03 1.206E+03 1.083E+06 23.6926 1.00000 1.273E+00
2.500E+08 2.500E+08 3.058E+00 5.713E+02 8.008E+02 1.320E+02 1.504E+03 1.507E+03 1.120E+06 24.1389 1.00000 1.273E+00
3.000E+08 3.000E+08 3.080E+00 6.856E+02 9.610E+02 1.584E+02 1.805E+03 1.808E+03 1.150E+06 24.5036 1.00000 1.273E+00
3.500E+08 3.500E+08 3.098E+00 7.998E+02 1.121E+03 1.848E+02 2.106E+03 2.109E+03 1.175E+06 24.8119 1.00000 1.273E+00
4.000E+08 4.000E+08 3.115E+00 9.141E+02 1.281E+03 2.112E+02 2.407E+03 2.410E+03 1.198E+06 25.0789 1.00000 1.273E+00
4.500E+08 4.500E+08 3.129E+00 1.028E+03 1.441E+03 2.376E+02 2.707E+03 2.711E+03 1.217E+06 25.3145 1.00000 1.273E+00
5.000E+08 5.000E+08 3.142E+00 1.143E+03 1.602E+03 2.640E+02 3.008E+03 3.011E+03 1.235E+06 25.5252 1.00000 1.273E+00
5.500E+08 5.500E+08 3.154E+00 1.257E+03 1.762E+03 2.903E+02 3.309E+03 3.312E+03 1.250E+06 25.7158 1.00000 1.273E+00
6.000E+08 6.000E+08 3.165E+00 1.371E+03 1.922E+03 3.167E+02 3.610E+03 3.613E+03 1.265E+06 25.8899 1.00000 1.273E+00
7.000E+08 7.000E+08 3.185E+00 1.600E+03 2.242E+03 3.695E+02 4.211E+03 4.215E+03 1.290E+06 26.1982 1.00000 1.273E+00
8.000E+08 8.000E+08 3.202E+00 1.828E+03 2.563E+03 4.223E+02 4.813E+03 4.816E+03 1.313E+06 26.4652 1.00000 1.273E+00
9.000E+08 9.000E+08 3.217E+00 2.057E+03 2.883E+03 4.751E+02 5.415E+03 5.418E+03 1.332E+06 26.7008 1.00000 1.273E+00
1.000E+09 1.000E+09 3.230E+00 2.285E+03 3.203E+03 5.279E+02 6.016E+03 6.020E+03 1.350E+06 26.9115 1.00000 1.273E+00
